1.604962800000000000e+09 9.900000000000000000e+01
1.604963100000000000e+09 9.900000000000000000e+01
1.604963400000000000e+09 1.009003322259136155e+02
1.604963700000000000e+09 1.132408026755852859e+02
1.604964000000000000e+09 1.333189368770764247e+02
1.604964300000000000e+09 1.585900000000000034e+02
1.604964600000000000e+09 1.854347826086956559e+02
1.604964900000000000e+09 2.097549668874172255e+02
1.604965200000000000e+09 2.260100334448160595e+02
1.604965500000000000e+09 2.428700000000000045e+02
1.604965800000000000e+09 2.523400000000000034e+02
1.604966100000000000e+09 2.540000000000000000e+02
1.604966400000000000e+09 2.538266666666666538e+02
1.604966700000000000e+09 2.531727574750830456e+02
1.604967000000000000e+09 2.538300000000000125e+02
1.604967300000000000e+09 2.528294314381271022e+02
1.604967600000000000e+09 2.514799999999999898e+02
1.604967900000000000e+09 2.493455149501661197e+02
1.604968200000000000e+09 2.504900000000000091e+02
1.604968500000000000e+09 2.466399999999999864e+02
1.604968800000000000e+09 2.386399999999999864e+02
1.604969100000000000e+09 2.299600000000000080e+02
1.604969400000000000e+09 2.176120401337792600e+02
1.604969700000000000e+09 2.039269102990033105e+02
1.604970000000000000e+09 1.919600000000000080e+02
1.604970300000000000e+09 1.799600000000000080e+02
1.604970600000000000e+09 1.679600000000000080e+02
1.604970900000000000e+09 1.559600000000000080e+02
1.604971200000000000e+09 1.439600000000000080e+02
1.604971500000000000e+09 1.314499999999999886e+02
1.604971800000000000e+09 1.164500000000000028e+02
1.604972100000000000e+09 1.029833887043189407e+02
1.604972400000000000e+09 9.733110367892976456e+01
1.604972700000000000e+09 9.315000000000000568e+01
1.604973000000000000e+09 8.746999999999999886e+01
1.604973300000000000e+09 8.051000000000000512e+01
1.604973600000000000e+09 8.215282392026577440e+01
1.604973900000000000e+09 7.733110367892976456e+01
1.604974200000000000e+09 7.400000000000000000e+01
1.604974500000000000e+09 7.315000000000000568e+01
1.604974800000000000e+09 6.865999999999999659e+01
1.604975100000000000e+09 6.717000000000000171e+01
1.604975400000000000e+09 6.868000000000000682e+01
1.604975700000000000e+09 7.404000000000000625e+01
1.604976000000000000e+09 8.535999999999999943e+01
1.604976300000000000e+09 9.301999999999999602e+01
1.604976600000000000e+09 9.884999999999999432e+01
1.604976900000000000e+09 1.035100000000000051e+02
1.604977200000000000e+09 1.068499999999999943e+02
1.604977500000000000e+09 1.121899999999999977e+02
1.604977800000000000e+09 1.203799999999999955e+02
1.604978100000000000e+09 1.338700000000000045e+02
1.604978400000000000e+09 1.441899999999999977e+02
1.604978700000000000e+09 1.506800000000000068e+02
1.604979000000000000e+09 1.541699999999999875e+02
1.604979300000000000e+09 1.551699999999999875e+02
1.604979600000000000e+09 1.561699999999999875e+02
1.604979900000000000e+09 1.570000000000000000e+02
1.604980200000000000e+09 1.570000000000000000e+02
1.604980500000000000e+09 1.578443708609271425e+02
1.604980800000000000e+09 1.621644295302013461e+02
1.604981100000000000e+09 1.628300000000000125e+02
1.604981400000000000e+09 1.616599999999999966e+02
1.604981700000000000e+09 1.593199999999999932e+02
1.604982000000000000e+09 1.539600000000000080e+02
1.604982300000000000e+09 1.405999999999999943e+02
1.604982600000000000e+09 1.219599999999999937e+02
1.604982900000000000e+09 1.111500000000000057e+02
1.604983200000000000e+09 1.071700000000000017e+02
1.604983500000000000e+09 1.086800000000000068e+02
1.604983800000000000e+09 1.159099999999999966e+02
1.604984100000000000e+09 1.339799999999999898e+02
1.604984400000000000e+09 1.269599999999999937e+02
1.604984700000000000e+09 1.156400000000000006e+02
1.604985000000000000e+09 1.084899999999999949e+02
1.604985300000000000e+09 1.058299999999999983e+02
1.604985600000000000e+09 1.050000000000000000e+02
1.604985900000000000e+09 1.046599999999999966e+02
1.604986200000000000e+09 1.028299999999999983e+02
1.604986500000000000e+09 1.020000000000000000e+02
1.604986800000000000e+09 1.048900000000000006e+02
1.604987100000000000e+09 1.196800000000000068e+02
1.604987400000000000e+09 1.226599999999999966e+02
1.604987700000000000e+09 1.204899999999999949e+02
1.604988000000000000e+09 1.161299999999999955e+02
1.604988300000000000e+09 1.054699999999999989e+02
1.604988600000000000e+09 9.800000000000000000e+01
1.604988900000000000e+09 9.817000000000000171e+01
1.604989200000000000e+09 1.015499999999999972e+02
1.604989500000000000e+09 1.150199999999999960e+02
1.604989800000000000e+09 1.200000000000000000e+02
1.604990100000000000e+09 1.194899999999999949e+02
1.604990400000000000e+09 1.164899999999999949e+02
1.604990700000000000e+09 1.138299999999999983e+02
1.604991000000000000e+09 1.128299999999999983e+02
1.604991300000000000e+09 1.118299999999999983e+02
1.604991600000000000e+09 1.110000000000000000e+02
1.604991900000000000e+09 1.108299999999999983e+02
1.604992200000000000e+09 1.100000000000000000e+02
1.604992500000000000e+09 1.101672240802675589e+02
1.604992800000000000e+09 1.104899999999999949e+02
1.604993100000000000e+09 1.071500000000000057e+02
1.604993400000000000e+09 1.024899999999999949e+02
1.604993700000000000e+09 9.965999999999999659e+01
1.604994000000000000e+09 9.918999999999999773e+01
1.604994300000000000e+09 1.051700000000000017e+02
1.604994600000000000e+09 1.065100000000000051e+02
1.604994900000000000e+09 1.100199999999999960e+02
1.604995200000000000e+09 1.160199999999999960e+02
1.604995500000000000e+09 1.225300000000000011e+02
1.604995800000000000e+09 1.298300000000000125e+02
1.604996100000000000e+09 1.290000000000000000e+02
1.604996400000000000e+09 1.290000000000000000e+02
1.604996700000000000e+09 1.288300000000000125e+02
1.604997000000000000e+09 1.274899999999999949e+02
1.604997300000000000e+09 1.238100000000000023e+02
1.604997600000000000e+09 1.176599999999999966e+02
1.604997900000000000e+09 1.165100000000000051e+02
1.604998200000000000e+09 1.196800000000000068e+02
1.604998500000000000e+09 1.236800000000000068e+02
1.604998800000000000e+09 1.280200000000000102e+02
1.604999100000000000e+09 1.335099999999999909e+02
1.604999400000000000e+09 1.356599999999999966e+02
1.604999700000000000e+09 1.336599999999999966e+02
1.605000000000000000e+09 1.311500000000000057e+02
1.605000300000000000e+09 1.268299999999999983e+02
1.605000600000000000e+09 1.265100000000000051e+02
1.605000900000000000e+09 1.295099999999999909e+02
1.605001200000000000e+09 1.321699999999999875e+02
1.605001500000000000e+09 1.328300000000000125e+02
1.605001800000000000e+09 1.320000000000000000e+02
1.605002100000000000e+09 1.333600000000000136e+02
1.605002400000000000e+09 1.408499999999999943e+02
1.605002700000000000e+09 1.451699999999999875e+02
1.605003000000000000e+09 1.456599999999999966e+02
1.605003300000000000e+09 1.431500000000000057e+02
1.605003600000000000e+09 1.390000000000000000e+02
1.605003900000000000e+09 1.390000000000000000e+02
1.605004200000000000e+09 1.388300000000000125e+02
1.605004500000000000e+09 1.378300000000000125e+02
1.605004800000000000e+09 1.368300000000000125e+02
1.605005100000000000e+09 1.354900000000000091e+02
1.605005400000000000e+09 1.314699999999999989e+02
1.605005700000000000e+09 1.229800000000000040e+02
1.605006000000000000e+09 1.186800000000000068e+02
1.605006300000000000e+09 1.214899999999999949e+02
1.605006600000000000e+09 1.217199999999999989e+02
1.605006900000000000e+09 1.355099999999999909e+02
1.605007200000000000e+09 1.371500000000000057e+02
1.605007500000000000e+09 1.321500000000000057e+02
1.605007800000000000e+09 1.278299999999999983e+02
1.605008100000000000e+09 1.270000000000000000e+02
1.605008400000000000e+09 1.273400000000000034e+02
1.605008700000000000e+09 1.291699999999999875e+02
1.605009000000000000e+09 1.301699999999999875e+02
1.605009300000000000e+09 1.316800000000000068e+02
1.605009600000000000e+09 1.346599999999999966e+02
1.605009900000000000e+09 1.326622516556291487e+02
1.605010200000000000e+09 1.306711409395973078e+02
1.605010500000000000e+09 1.296800000000000068e+02
1.605010800000000000e+09 1.343600000000000136e+02
1.605011100000000000e+09 1.440600000000000023e+02
1.605011400000000000e+09 1.617199999999999989e+02
1.605011700000000000e+09 1.775500000000000114e+02
1.605012000000000000e+09 1.918700000000000045e+02
1.605012300000000000e+09 2.020200000000000102e+02
1.605012600000000000e+09 2.080200000000000102e+02
1.605012900000000000e+09 2.141821192052980223e+02
1.605013200000000000e+09 2.198355704697986539e+02
1.605013500000000000e+09 2.195083056478405297e+02
1.605013800000000000e+09 2.220000000000000000e+02
1.605014100000000000e+09 2.218300000000000125e+02
1.605014400000000000e+09 2.213400000000000034e+02
1.605014700000000000e+09 2.231699999999999875e+02
1.605015000000000000e+09 2.243400000000000034e+02
1.605015300000000000e+09 2.261699999999999875e+02
1.605015600000000000e+09 2.271699999999999875e+02
1.605015900000000000e+09 2.280000000000000000e+02
1.605016200000000000e+09 2.278300000000000125e+02
1.605016500000000000e+09 2.270000000000000000e+02
1.605016800000000000e+09 2.270000000000000000e+02
1.605017100000000000e+09 2.271699999999999875e+02
1.605017400000000000e+09 2.278300000000000125e+02
1.605017700000000000e+09 2.266599999999999966e+02
1.605018000000000000e+09 2.251699999999999875e+02
1.605018300000000000e+09 2.254900000000000091e+02
1.605018600000000000e+09 2.230000000000000000e+02
1.605018900000000000e+09 2.228300000000000125e+02
1.605019200000000000e+09 2.218300000000000125e+02
1.605019500000000000e+09 2.206599999999999966e+02
1.605019800000000000e+09 2.188300000000000125e+02
1.605020100000000000e+09 2.176599999999999966e+02
1.605020400000000000e+09 2.158300000000000125e+02
1.605020700000000000e+09 2.146599999999999966e+02
1.605021000000000000e+09 2.123199999999999932e+02
1.605021300000000000e+09 2.086599999999999966e+02
1.605021600000000000e+09 2.066599999999999966e+02
1.605021900000000000e+09 2.044900000000000091e+02
1.605022200000000000e+09 2.013199999999999932e+02
1.605022500000000000e+09 1.966399999999999864e+02
1.605022800000000000e+09 1.886399999999999864e+02
1.605023100000000000e+09 1.811500000000000057e+02
1.605023400000000000e+09 1.764900000000000091e+02
1.605023700000000000e+09 1.734900000000000091e+02
1.605024000000000000e+09 1.696399999999999864e+02
1.605024300000000000e+09 1.609600000000000080e+02
1.605024600000000000e+09 1.487899999999999920e+02
1.605024900000000000e+09 1.352800000000000011e+02
1.605025200000000000e+09 1.194500000000000028e+02
1.605025500000000000e+09 1.052999999999999972e+02
1.605025800000000000e+09 9.564000000000000057e+01
1.605026100000000000e+09 8.798000000000000398e+01
1.605026400000000000e+09 8.181000000000000227e+01
1.605026700000000000e+09 7.464000000000000057e+01
1.605027000000000000e+09 6.681000000000000227e+01
1.605027300000000000e+09 5.997999999999999687e+01
1.605027600000000000e+09 5.465999999999999659e+01
1.605027900000000000e+09 5.317000000000000171e+01
1.605028200000000000e+09 5.518999999999999773e+01
1.605028500000000000e+09 6.270000000000000284e+01
1.605028800000000000e+09 7.304000000000000625e+01
1.605029100000000000e+09 8.690999999999999659e+01
1.605029400000000000e+09 1.104200000000000017e+02
1.605029700000000000e+09 1.365900000000000034e+02
1.605030000000000000e+09 1.630800000000000125e+02
1.605030300000000000e+09 1.857199999999999989e+02
1.605030600000000000e+09 2.012100000000000080e+02
1.605030900000000000e+09 2.126800000000000068e+02
1.605031200000000000e+09 2.165099999999999909e+02
1.605031500000000000e+09 2.193400000000000034e+02
1.605031800000000000e+09 2.213400000000000034e+02
1.605032100000000000e+09 2.230000000000000000e+02
1.605032400000000000e+09 2.221500000000000057e+02
1.605032700000000000e+09 2.168100000000000023e+02
1.605033000000000000e+09 2.099799999999999898e+02
1.605033300000000000e+09 2.033000000000000114e+02
1.605033600000000000e+09 1.931299999999999955e+02
1.605033900000000000e+09 1.833199999999999932e+02
1.605034200000000000e+09 1.810200000000000102e+02
1.605034500000000000e+09 1.871899999999999977e+02
1.605034800000000000e+09 1.943600000000000136e+02
1.605035100000000000e+09 2.030399999999999920e+02
1.605035400000000000e+09 2.136800000000000068e+02
1.605035700000000000e+09 2.180200000000000102e+02
1.605036000000000000e+09 2.230000000000000000e+02
1.605036300000000000e+09 2.233400000000000034e+02
1.605036600000000000e+09 2.241500000000000057e+02
1.605036900000000000e+09 2.191528239202657744e+02
1.605037200000000000e+09 2.146655518394648823e+02
1.605037500000000000e+09 2.126622516556291487e+02
1.605037800000000000e+09 2.111644295302013461e+02
1.605038100000000000e+09 2.120000000000000000e+02
1.605038400000000000e+09 2.114916943521594703e+02
1.605038700000000000e+09 2.078294314381271022e+02
1.605039000000000000e+09 2.013199999999999932e+02
1.605039300000000000e+09 1.980000000000000000e+02
1.605039600000000000e+09 1.981699999999999875e+02
1.605039900000000000e+09 1.991699999999999875e+02
1.605040200000000000e+09 2.005083056478405297e+02
1.605040500000000000e+09 2.031672240802675447e+02
1.605040800000000000e+09 2.033199999999999932e+02
1.605041100000000000e+09 1.981299999999999955e+02
1.605041400000000000e+09 1.866200000000000045e+02
1.605041700000000000e+09 1.734699999999999989e+02
1.605042000000000000e+09 1.637899999999999920e+02
1.605042300000000000e+09 1.509600000000000080e+02
1.605042600000000000e+09 1.394699999999999989e+02
1.605042900000000000e+09 1.308139534883721069e+02
1.605043200000000000e+09 1.236622073578595291e+02
1.605043500000000000e+09 1.156400000000000006e+02
1.605043800000000000e+09 1.078100000000000023e+02
1.605044100000000000e+09 1.014916943521594703e+02
1.605044400000000000e+09 9.900000000000000000e+01
1.605044700000000000e+09 9.917000000000000171e+01
1.605045000000000000e+09 1.003400000000000034e+02
1.605045300000000000e+09 1.025083056478405297e+02
1.605045600000000000e+09 1.056666666666666714e+02
1.605045900000000000e+09 1.095016722408026766e+02
1.605046200000000000e+09 1.125083056478405297e+02
1.605046500000000000e+09 1.151666666666666714e+02
1.605046800000000000e+09 1.156666666666666714e+02
1.605047100000000000e+09 1.135000000000000000e+02
1.605047400000000000e+09 1.110000000000000000e+02
1.605047700000000000e+09 1.113333333333333286e+02
1.605048000000000000e+09 1.130000000000000000e+02
1.605048300000000000e+09 1.126666666666666714e+02
1.605048600000000000e+09 1.105000000000000000e+02
1.605048900000000000e+09 1.073333333333333286e+02
1.605049200000000000e+09 1.035000000000000000e+02
1.605049500000000000e+09 1.006666666666666714e+02
1.605049800000000000e+09 9.866666666666667140e+01
1.605050100000000000e+09 9.683333333333332860e+01
1.605050400000000000e+09 9.550000000000000000e+01
1.605050700000000000e+09 9.266666666666667140e+01
1.605051000000000000e+09 9.166666666666667140e+01
1.605051300000000000e+09 9.666666666666667140e+01
1.605051600000000000e+09 1.075000000000000000e+02
1.605051900000000000e+09 1.233333333333333286e+02
1.605052200000000000e+09 1.431666666666666572e+02
1.605052500000000000e+09 1.653333333333333428e+02
1.605052800000000000e+09 2.010000000000000000e+02
1.605053100000000000e+09 2.240000000000000000e+02
1.605053400000000000e+09 2.406666666666666572e+02
1.605053700000000000e+09 2.485000000000000000e+02
1.605054000000000000e+09 2.440000000000000000e+02
1.605054300000000000e+09 2.316666666666666572e+02
1.605054600000000000e+09 2.178333333333333428e+02
1.605054900000000000e+09 2.046666666666666572e+02
1.605055200000000000e+09 1.908333333333333428e+02
1.605055500000000000e+09 1.775000000000000000e+02
1.605055800000000000e+09 1.630000000000000000e+02
1.605056100000000000e+09 1.500000000000000000e+02
1.605056400000000000e+09 1.323333333333333428e+02
1.605056700000000000e+09 1.161666666666666714e+02
1.605057000000000000e+09 1.006666666666666714e+02
1.605057300000000000e+09 9.216666666666667140e+01
1.605057600000000000e+09 8.183333333333332860e+01
1.605057900000000000e+09 7.533333333333332860e+01
1.605058200000000000e+09 7.133333333333332860e+01
1.605058500000000000e+09 6.816666666666667140e+01
1.605058800000000000e+09 6.933333333333332860e+01
1.605059100000000000e+09 7.150000000000000000e+01
1.605059400000000000e+09 7.466666666666667140e+01
1.605059700000000000e+09 7.883333333333332860e+01
1.605060000000000000e+09 8.366666666666667140e+01
1.605060300000000000e+09 8.750000000000000000e+01
1.605060600000000000e+09 9.066225165562913446e+01
1.605060900000000000e+09 9.512751677852348564e+01
1.605061200000000000e+09 1.018333333333333286e+02
1.605061500000000000e+09 1.071666666666666714e+02
1.605061800000000000e+09 1.143809523809523796e+02
1.605062100000000000e+09 1.226666666666666714e+02
1.605062400000000000e+09 1.309523809523809632e+02
1.605062700000000000e+09 1.392380952380952408e+02
1.605063000000000000e+09 1.475238095238095184e+02
1.605063300000000000e+09 1.558095238095237960e+02
1.605063600000000000e+09 1.640952380952381020e+02
1.605063900000000000e+09 1.701666666666666572e+02
1.605064200000000000e+09 1.663333333333333428e+02
1.605064500000000000e+09 1.681666666666666572e+02
1.605064800000000000e+09 1.691666666666666572e+02
1.605065100000000000e+09 1.711666666666666572e+02
1.605065400000000000e+09 1.775000000000000000e+02
1.605065700000000000e+09 1.803333333333333428e+02
1.605066000000000000e+09 1.820000000000000000e+02
1.605066300000000000e+09 1.825000000000000000e+02
1.605066600000000000e+09 1.855000000000000000e+02
1.605066900000000000e+09 1.885000000000000000e+02
1.605067200000000000e+09 1.908333333333333428e+02
1.605067500000000000e+09 1.905000000000000000e+02
1.605067800000000000e+09 1.933333333333333428e+02
1.605068100000000000e+09 1.941666666666666572e+02
1.605068400000000000e+09 1.890000000000000000e+02
1.605068700000000000e+09 1.836666666666666572e+02
1.605069000000000000e+09 1.826666666666666572e+02
1.605069300000000000e+09 1.865000000000000000e+02
1.605069600000000000e+09 1.893333333333333428e+02
1.605069900000000000e+09 1.910000000000000000e+02
1.605070200000000000e+09 1.906666666666666572e+02
1.605070500000000000e+09 1.888333333333333428e+02
1.605070800000000000e+09 1.876666666666666572e+02
1.605071100000000000e+09 1.853333333333333428e+02
1.605071400000000000e+09 1.815000000000000000e+02
1.605071700000000000e+09 1.786666666666666572e+02
1.605072000000000000e+09 1.768333333333333428e+02
1.605072300000000000e+09 1.756666666666666572e+02
1.605072600000000000e+09 1.738333333333333428e+02
1.605072900000000000e+09 1.713333333333333428e+02
1.605073200000000000e+09 1.615000000000000000e+02
1.605073500000000000e+09 1.531666666666666572e+02
1.605073800000000000e+09 1.481666666666666572e+02
1.605074100000000000e+09 1.431666666666666572e+02
1.605074400000000000e+09 1.391666666666666572e+02
1.605074700000000000e+09 1.406666666666666572e+02
1.605075000000000000e+09 1.436666666666666572e+02
1.605075300000000000e+09 1.418333333333333428e+02
1.605075600000000000e+09 1.413333333333333428e+02
1.605075900000000000e+09 1.441666666666666572e+02
1.605076200000000000e+09 1.498333333333333428e+02
1.605076500000000000e+09 1.488333333333333428e+02
1.605076800000000000e+09 1.471666666666666572e+02
1.605077100000000000e+09 1.423333333333333428e+02
1.605077400000000000e+09 1.386666666666666572e+02
1.605077700000000000e+09 1.366666666666666572e+02
