1.733333333333333171e+00
1.733333333333333171e+00
7.460000038146972656e+02
3.233333333333332948e+00
2.500000000000000000e+01
2.500000000000000000e+01
2.500000000000000000e+01
2.500000000000000000e+01
2.600000000000000000e+01
3.164999999999999858e+01
3.635000000000000142e+01
4.019999999999999574e+01
0.000000000000000000e+00
1.009283318074544127e+03
2.500000000000000000e+01
2.500000000000000000e+01
2.500000000000000000e+01
2.500000000000000000e+01
2.500000000000000000e+01
2.500000000000000000e+01
2.500000000000000000e+01
2.500000000000000000e+01
2.500000000000000000e+01
2.500000000000000000e+01
2.500000000000000000e+01
2.500000000000000000e+01
2.500000000000000000e+01
2.500000000000000000e+01
2.500000000000000000e+01
2.500000000000000000e+01
2.500000000000000000e+01
3.933333333333332682e+00
0.000000000000000000e+00
0.000000000000000000e+00
0.000000000000000000e+00
0.000000000000000000e+00
0.000000000000000000e+00
0.000000000000000000e+00
0.000000000000000000e+00
0.000000000000000000e+00
0.000000000000000000e+00
0.000000000000000000e+00
0.000000000000000000e+00
0.000000000000000000e+00
0.000000000000000000e+00
1.518333333333333357e+01
1.833333333333333570e+01
1.833333333333333570e+01
1.833333333333333570e+01
2.166666666666666785e+01
2.166666666666666785e+01
2.166666666666666785e+01
2.656666666666666998e+01
2.494397163391113281e+02
2.166666666666666785e+01
2.166666666666666785e+01
2.166666666666666785e+01
2.166666666666666785e+01
2.166666666666666785e+01
2.166666666666666785e+01
2.166666666666666785e+01
2.166666666666666785e+01
2.166666666666666785e+01
2.166666666666666785e+01
2.166666666666666785e+01
2.166666666666666785e+01
2.166666666666666785e+01
0.000000000000000000e+00
0.000000000000000000e+00
0.000000000000000000e+00
1.850000000000000089e+00
1.694999999999999574e+01
4.185000000000000853e+01
2.683333333333333570e+01
9.166666666666667851e+00
0.000000000000000000e+00
0.000000000000000000e+00
0.000000000000000000e+00
2.433333333333333126e+00
3.066666666666666430e+00
3.333333333333333481e+00
3.983333333333332948e+00
2.601666666666666217e+01
3.751666666666666572e+01
2.553333333333333499e+01
9.166666666666667851e+00
0.000000000000000000e+00
0.000000000000000000e+00
0.000000000000000000e+00
0.000000000000000000e+00
1.726666666666666572e+01
3.545000000000000284e+01
2.686666666666666714e+01
9.166666666666667851e+00
8.483333333333332504e+00
5.633333333333334636e+00
5.283333333333333215e+00
6.150000000000000355e+00
7.716666666666666785e+00
7.750000000000000000e+00
8.366666666666667140e+00
9.749999999999998224e+00
6.799999999999998934e+00
2.266666666666666607e+00
0.000000000000000000e+00
0.000000000000000000e+00
7.333333333333333037e+00
9.999999999999998224e+00
9.999999999999998224e+00
1.976666666666666572e+01
2.900000000000000000e+01
4.156666666666666998e+01
2.853333333333333144e+01
1.603333333333333144e+01
9.999999999999998224e+00
9.999999999999998224e+00
9.999999999999998224e+00
4.833333333333333925e+00
3.583333333333333481e+00
9.583333333333332149e+00
9.999999999999998224e+00
2.819999999999999929e+01
3.786666666666666003e+01
3.748333333333333428e+01
2.428333333333333499e+01
1.666666666666666430e+01
1.666666666666666430e+01
1.660000000000000142e+01
1.666666666666666430e+01
1.973333333333333428e+01
2.363333333333333286e+01
1.955000000000000071e+01
1.706666666666666643e+01
3.286666666666666714e+01
4.206666666666666998e+01
3.761666666666666714e+01
2.481666666666666998e+01
1.666666666666666430e+01
1.666666666666666430e+01
1.666666666666666430e+01
1.666666666666666430e+01
1.666666666666666430e+01
1.666666666666666430e+01
1.666666666666666430e+01
1.113333333333333464e+01
3.549999999999999822e+00
1.330000000000000071e+01
1.578333333333333144e+01
2.393333333333333002e+01
2.725000000000000000e+01
1.666666666666666430e+01
1.666666666666666430e+01
1.666666666666666430e+01
1.666666666666666430e+01
1.532666651407877453e+03
1.666666666666666430e+01
1.666666666666666430e+01
2.500000000000000000e+01
2.500000000000000000e+01
2.500000000000000000e+01
2.500000000000000000e+01
2.500000000000000000e+01
2.500000000000000000e+01
2.500000000000000000e+01
2.500000000000000000e+01
2.500000000000000000e+01
2.500000000000000000e+01
4.901249436934789117e+01
2.500000000000000000e+01
2.833333333333333215e+01
2.833333333333333215e+01
2.833333333333333215e+01
2.833333333333333215e+01
2.833333333333333215e+01
2.833333333333333215e+01
2.833333333333333215e+01
2.833333333333333215e+01
2.833333333333333215e+01
1.666666666666666430e+01
1.666666666666666430e+01
6.382150451342264574e+01
1.666666666666666430e+01
1.666666666666666430e+01
1.666666666666666430e+01
1.666666666666666430e+01
1.666666666666666430e+01
0.000000000000000000e+00
1.666666666666666430e+01
1.419999999999999929e+01
1.921666666666666856e+01
2.235000000000000142e+01
2.426666666666666572e+01
2.318333333333333357e+01
2.398333333333333428e+01
2.289552859624226926e+02
1.333333333333333393e+01
1.333333333333333393e+01
1.333333333333333393e+01
1.333333333333333393e+01
1.333333333333333393e+01
1.333333333333333393e+01
1.333333333333333393e+01
1.333333333333333393e+01
1.333333333333333393e+01
1.333333333333333393e+01
1.333333333333333393e+01
1.333333333333333393e+01
1.333333333333333393e+01
1.333333333333333393e+01
3.066666666666666430e+00
0.000000000000000000e+00
0.000000000000000000e+00
0.000000000000000000e+00
0.000000000000000000e+00
0.000000000000000000e+00
0.000000000000000000e+00
0.000000000000000000e+00
0.000000000000000000e+00
0.000000000000000000e+00
0.000000000000000000e+00
0.000000000000000000e+00
0.000000000000000000e+00
7.116666666666667140e+00
1.833333333333333570e+01
2.803333333333333144e+01
4.334928436915080283e+02
4.958333333333333570e+01
4.958333333333333570e+01
4.626666666666666572e+01
4.381666666666666288e+01
4.236666666666666003e+01
3.023333333333333783e+01
1.961666666666666714e+01
1.871666666666666856e+01
1.843333333333333357e+01
1.833333333333333570e+01
1.833333333333333570e+01
1.833333333333333570e+01
1.833333333333333570e+01
1.833333333333333570e+01
1.833333333333333570e+01
1.833333333333333570e+01
2.307091580708821823e+02
1.833333333333333570e+01
4.386666666666666714e+01
4.435000000000000142e+01
4.346666666666666856e+01
3.119999999999999929e+01
2.666666666666666785e+01
1.833333333333333570e+01
1.833333333333333570e+01
1.833333333333333570e+01
1.833333333333333570e+01
1.833333333333333570e+01
2.436666666666666714e+01
2.128286275863647461e+02
1.833333333333333570e+01
1.833333333333333570e+01
1.833333333333333570e+01
1.833333333333333570e+01
1.833333333333333570e+01
1.833333333333333570e+01
2.178333333333333144e+01
1.833333333333333570e+01
1.833333333333333570e+01
1.833333333333333570e+01
1.833333333333333570e+01
7.883333333333332860e+00
2.633333333333333304e+00
1.949999999999999956e+00
2.133333333333333304e+00
1.816666666666666874e+00
0.000000000000000000e+00
0.000000000000000000e+00
2.433333333333333126e+00
6.099999999999999645e+00
1.425000000000000000e+01
1.833333333333333570e+01
1.833333333333333570e+01
1.833333333333333570e+01
1.833333333333333570e+01
1.833333333333333570e+01
1.833333333333333570e+01
1.476666666666666572e+01
1.330000000000000071e+01
1.828333333333333144e+01
1.833333333333333570e+01
1.770000000000000284e+01
1.050000000000000000e+01
4.566666666666667318e+00
4.049999999999999822e+00
3.799999999999999822e+00
3.833333333333333481e+00
4.466666666666666785e+00
3.483333333333333393e+00
2.950000000000000178e+00
7.733333333333334281e+00
2.500000000000000000e+01
2.500000000000000000e+01
3.760837793350219727e+02
5.625000000000000000e+01
7.186666666666666003e+01
5.625000000000000000e+01
5.625000000000000000e+01
5.625000000000000000e+01
5.055500000000000114e+02
2.500000000000000000e+01
2.500000000000000000e+01
2.500000000000000000e+01
2.500000000000000000e+01
2.276666666666666927e+01
6.666666666666666963e+00
3.416666666666666519e+00
0.000000000000000000e+00
0.000000000000000000e+00
0.000000000000000000e+00
0.000000000000000000e+00
0.000000000000000000e+00
0.000000000000000000e+00
0.000000000000000000e+00
0.000000000000000000e+00
0.000000000000000000e+00
0.000000000000000000e+00
1.883333333333333304e+00
3.966666666666666341e+00
9.333333333333333925e+00
1.473333333333333428e+01
1.608333333333333215e+01
1.808333333333333215e+01
1.833333333333333570e+01
1.833333333333333570e+01
1.833333333333333570e+01
1.833333333333333570e+01
1.833333333333333570e+01
1.833333333333333570e+01
1.833333333333333570e+01
1.833333333333333570e+01
2.166666666666666785e+01
2.970573393503825059e+02
2.166666666666666785e+01
2.166666666666666785e+01
2.166666666666666785e+01
2.166666666666666785e+01
2.166666666666666785e+01
2.166666666666666785e+01
2.166666666666666785e+01
2.166666666666666785e+01
2.166666666666666785e+01
2.430000000000000071e+01
2.969999999999999929e+01
2.601666666666666217e+01
2.941666666666666430e+01
3.233333333333332860e+01
2.166666666666666785e+01
2.166666666666666785e+01
2.166666666666666785e+01
2.166666666666666785e+01
3.314999999999999858e+01
4.031666666666666998e+01
4.043333333333333712e+01
3.623333333333333428e+01
2.301666666666666572e+01
2.233333333333333570e+01
1.820000000000000284e+01
1.639999999999999858e+01
1.756666666666666643e+01
2.068333333333333357e+01
2.078333333333333499e+01
2.139999999999999858e+01
9.166666666666667851e+00
9.166666666666667851e+00
9.166666666666667851e+00
9.166666666666667851e+00
9.166666666666667851e+00
9.166666666666667851e+00
1.340000000000000036e+01
1.456666666666666643e+01
1.218333333333333357e+01
1.558333333333333393e+01
2.918333333333333002e+01
2.538333333333332931e+01
1.791666666666666430e+01
9.166666666666667851e+00
9.166666666666667851e+00
